1.11003e-12, 7.39009e-13
8.54953e-03, 7.52720e-05
-1.24840e-07, 6.64671e-10
7.34482e+08, 2.18339e+05
5.44778e+03, 2.08796e+00
9.00244e+04, 1.03866e+00

EXT PARAMETER                                   STEP         FIRST   
  NO.   NAME      VALUE            ERROR          SIZE      DERIVATIVE 
   1  p0           1.11003e-12   7.39009e-13   2.77040e-01   0.00000e+00
   2  p1           8.54953e-03   7.52720e-05   1.97258e-10  -4.60749e-01
   3  p2          -1.24820e-07   6.64671e-10  -8.64013e-16  -6.25651e+04
   4  p3           7.34482e+08   2.18339e+05  -9.13281e-10   8.12741e-02
   5  p4           5.44778e+03   2.08796e+00  -3.65043e-09   3.68740e-02
   6  p5           9.00244e+04   1.03866e+00   6.61813e-10  -7.99088e-02

